%YAML:1.0
description: angry
samples:
   - !!opencv-matrix
      rows: 198
      cols: 1
      dt: d
      data: [ -1.9558651709440856e+01, -1.8894218348246035e+01,
          -1.7871470233268202e+01, -1.6499392668956997e+01,
          -1.4509751879969794e+01, -1.1660568687869025e+01,
          -7.9902354811691989e+00, -3.5904043385609379e+00,
          1.5131517219016999e+00, 6.6122303387222940e+00,
          1.0740198074142533e+01, 1.4008206990986952e+01,
          1.6270336779036295e+01, 1.7480785961507983e+01,
          1.8089299609943591e+01, 1.8372278729941332e+01,
          1.8292860017823067e+01, -1.6051323294699056e+01,
          -1.4048595967580898e+01, -1.1429994980236957e+01,
          -8.6275624900196153e+00, -5.8695983913513938e+00,
          3.5788307323516575e+00, 6.3760493544502523e+00,
          9.2923013315434311e+00, 1.2123134977791077e+01,
          1.4415325124393741e+01, -9.4199963805385556e-01,
          -6.9636228722883076e-01, -4.4979145651842223e-01,
          -2.0769381954235705e-01, -3.4561476549735595e+00,
          -1.7371140696975844e+00, 5.5900150616748731e-02,
          1.8305340291563115e+00, 3.4929256274248579e+00,
          -1.2459647058740487e+01, -1.0566762869162034e+01,
          -8.3659544442472491e+00, -6.3554109914939447e+00,
          -8.3463170203061470e+00, -1.0446586168551281e+01,
          4.8861559652245283e+00, 6.8162451972224813e+00,
          9.0486715161617486e+00, 1.1092504068768015e+01,
          9.1152238163610946e+00, 6.9753464515236967e+00,
          -6.8573343416903043e+00, -5.1372752740996424e+00,
          -2.6538796562563807e+00, 3.1140777955747184e-01,
          3.2777102565993532e+00, 5.9649966719633722e+00,
          7.9963493467598461e+00, 6.4764683915414603e+00,
          4.1218272004541809e+00, 8.5463383441515717e-01,
          -2.4580778487317660e+00, -5.0588068263693637e+00,
          -3.2761981127384292e+00, 4.0413054190378350e-01,
          4.0965687391213317e+00, 4.4277575617563549e+00,
          6.7363177142800601e-01, -3.2060241201132214e+00,
          -5.1848228233704887e+00, -1.2350639538192437e-01,
          4.8992452554164405e+00, 9.6710724202059080e+00,
          1.3991396811447034e+01, 1.7799639494477098e+01,
          2.1001899396446628e+01, 2.3323780623683135e+01,
          2.3675198439892636e+01, 2.2678246204056911e+01,
          1.9808523110417674e+01, 1.6100999476830239e+01,
          1.1808509075559476e+01, 7.0179041914604463e+00,
          1.7861508100957595e+00, -3.6523247662980745e+00,
          -9.0785823409120425e+00, -1.3817292289294485e+01,
          -1.5837804373274192e+01, -1.6926072815415633e+01,
          -1.7212905968187755e+01, -1.6922754004375378e+01,
          -1.7795008193408375e+01, -1.8532061015339305e+01,
          -1.8660293646529997e+01, -1.7852434163997295e+01,
          -1.5994195725020511e+01, -1.2528251605477628e+01,
          -9.7199510375239324e+00, -6.9376922218528581e+00,
          -4.1572747826826291e+00, 4.8233399897229795e-01,
          8.5452198851095584e-01, 8.9838169050438066e-01,
          5.9011581196136331e-01, -2.7784763658792622e-02,
          -9.6849145146631148e+00, -1.0712233252993551e+01,
          -1.0960272625336893e+01, -1.0461374165750975e+01,
          -9.8636259647475253e+00, -9.5381971546248963e+00,
          -1.1369664033604195e+01, -1.2205407195998864e+01,
          -1.2271811362560536e+01, -1.1547874726927501e+01,
          -1.1103655509269478e+01, -1.1097852181836164e+01,
          8.8788407445311606e+00, 6.5346771165947590e+00,
          4.8648771604565964e+00, 4.6107173929066736e+00,
          4.4357466418851841e+00, 5.7483382790547477e+00,
          7.7927404858115015e+00, 1.0567457384553187e+01,
          1.2719837632420919e+01, 1.3490153719661539e+01,
          1.3194749600397301e+01, 1.1413302237646475e+01,
          7.0411119567047908e+00, 6.3999974906221837e+00,
          6.5142738064103298e+00, 9.8781680311377933e+00,
          1.0877522823308990e+01, 1.0427594839007773e+01,
          2.1124192650185353e+01, 2.0602100748016696e+01,
          2.0254020392255196e+01, 1.8241604295031511e+01,
          1.3649767404622118e+01, 8.0976448423074778e+00,
          3.1713521117916410e+00, -8.6671607134944950e-01,
          -4.4831823934681765e+00, -7.5153478871667834e-01,
          3.3298101726484859e+00, 8.3106979765580604e+00,
          1.3919309519513599e+01, 1.8628061183013006e+01,
          2.0612045795738261e+01, 2.1024169241387138e+01,
          2.1563525621473730e+01, 1.1778417794904492e-01,
          -1.5217454176355081e+00, -2.9339911326633068e+00,
          -4.3154098594060200e+00, -5.6248252539149144e+00,
          -5.5995789797086868e+00, -4.2790621884739677e+00,
          -2.8535600326573527e+00, -1.3912878997280724e+00,
          2.6754260614143222e-01, -4.9377473536899732e+00,
          -7.6915234046045917e+00, -1.0539018612590308e+01,
          -1.3319073300878472e+01, -6.5579303659919557e+00,
          -7.2514532524023281e+00, -7.8771645477511942e+00,
          -7.2630097657632398e+00, -6.5497754758614430e+00,
          -8.2782548649492249e-01, -1.0095339040136946e+00,
          -1.2337560540308858e+00, -1.2139588571610849e+00,
          -1.1972113168615937e+00, -1.0960039303792268e+00,
          -1.1076110792052916e+00, -1.1518142644801137e+00,
          -9.2703837030134251e-01, -7.6586117668905518e-01,
          -1.0072421298482457e+00, -1.1081911729956280e+00,
          -2.6224507024106405e+00, -4.6874468323342944e+00,
          -6.3981686671424072e+00, -8.2348482671711185e+00,
          -6.4504374943012683e+00, -4.6686629218165354e+00,
          -2.4902073375814329e+00, -3.9439382891917263e+00,
          -5.3375209688255909e+00, -6.7424964327514791e+00,
          -5.3354185115527279e+00, -3.9863598180688453e+00,
          -4.9959849466603838e+00, -7.5712583953229693e+00,
          -5.0153639019609173e+00, -4.3917207446667268e+00,
          -6.3864155166993095e+00, -4.4011821402980464e+00 ]
