%YAML:1.0
shape: !!opencv-matrix
   rows: 132
   cols: 1
   dt: d
   data: [ 234., 238., 241., 254., 263., 280., 294., 318., 347., 370.,
       386., 399., 415., 426., 436., 443., 444., 260., 272., 287., 301.,
       309., 359., 372., 388., 405., 417., 343., 343., 343., 345., 329.,
       336., 345., 354., 362., 285., 292., 303., 318., 308., 298., 365.,
       369., 386., 398., 391., 376., 320., 326., 335., 343., 352., 362.,
       367., 360., 354., 348., 341., 333., 334., 344., 355., 353., 348.,
       343., 167., 179., 197., 205., 220., 233., 244., 255., 260., 254.,
       244., 235., 228., 220., 204., 183., 165., 140., 134., 131., 132.,
       133., 135., 130., 130., 131., 137., 150., 161., 168., 179., 209.,
       214., 218., 216., 211., 169., 160., 160., 169., 179., 181., 166.,
       159., 153., 161., 175., 178., 241., 234., 233., 234., 234., 236.,
       240., 247., 249., 247., 247., 247., 240., 241., 241., 245., 245.,
       244. ]
tri: !!opencv-matrix
   rows: 91
   cols: 3
   dt: i
   data: [ 20, 21, 23, 21, 22, 23, 0, 1, 36, 15, 16, 45, 0, 17, 36, 16,
       26, 45, 17, 18, 37, 25, 26, 44, 17, 36, 37, 26, 44, 45, 18, 19,
       38, 24, 25, 43, 18, 37, 38, 25, 43, 44, 19, 20, 38, 23, 24, 43,
       20, 21, 39, 22, 23, 42, 20, 38, 39, 23, 42, 43, 21, 22, 27, 21,
       27, 39, 22, 27, 42, 27, 28, 42, 27, 28, 39, 28, 42, 47, 28, 39,
       40, 1, 36, 41, 15, 45, 46, 1, 2, 41, 14, 15, 46, 28, 29, 40, 28,
       29, 47, 2, 40, 41, 14, 46, 47, 2, 29, 40, 14, 29, 47, 2, 3, 29,
       13, 14, 29, 29, 30, 31, 29, 30, 35, 3, 29, 31, 13, 29, 35, 30, 32,
       33, 30, 33, 34, 30, 31, 32, 30, 34, 35, 3, 4, 31, 12, 13, 35, 4,
       5, 48, 11, 12, 54, 5, 6, 48, 10, 11, 54, 6, 48, 59, 10, 54, 55, 6,
       7, 59, 9, 10, 55, 7, 58, 59, 9, 55, 56, 8, 57, 58, 8, 56, 57, 7,
       8, 58, 8, 9, 56, 4, 31, 48, 12, 35, 54, 31, 48, 49, 35, 53, 54,
       31, 49, 50, 35, 52, 53, 31, 32, 50, 34, 35, 52, 32, 33, 50, 33,
       34, 52, 33, 50, 51, 33, 51, 52, 48, 49, 60, 49, 60, 50, 50, 60,
       61, 50, 51, 61, 51, 52, 61, 61, 62, 52, 52, 53, 62, 53, 54, 62,
       54, 55, 63, 55, 56, 63, 56, 63, 64, 56, 57, 64, 64, 65, 57, 57,
       58, 65, 58, 59, 65, 48, 59, 65 ]
