%YAML:1.0
shape: !!opencv-matrix
   rows: 132
   cols: 1
   dt: d
   data: [ 1.6532855000402370e+02, 1.6795264703296181e+02,
       1.7222125611161388e+02, 1.7879249171803480e+02,
       1.8880486482362221e+02, 2.0237647722731839e+02,
       2.1898897018001179e+02, 2.3811190133799994e+02,
       2.6052785783223146e+02, 2.8233462549644645e+02,
       2.9986460250078017e+02, 3.1437103535637476e+02,
       3.2572782160205668e+02, 3.3366341821532018e+02,
       3.3858075437205662e+02, 3.4131626562219935e+02,
       3.4206410588422557e+02, 1.8594911487538926e+02,
       1.9620430382752045e+02, 2.0955065011835518e+02,
       2.2368559414119062e+02, 2.3738784126187412e+02,
       2.7527243966357253e+02, 2.8789466391619459e+02,
       3.0120469761103266e+02, 3.1412514135314950e+02,
       3.2445897246079949e+02, 2.5795399463342613e+02,
       2.5890679025102526e+02, 2.5986269013842895e+02,
       2.6077298644989145e+02, 2.4522468837150649e+02,
       2.5275924568111759e+02, 2.6067024809394280e+02,
       2.6807589138912323e+02, 2.7496507368944623e+02,
       2.0450896397937018e+02, 2.1279011962961067e+02,
       2.2292823870592341e+02, 2.3139816054548322e+02,
       2.2263005048253069e+02, 2.1323908780643058e+02,
       2.8164102469042456e+02, 2.8972090640949227e+02,
       2.9977775450678706e+02, 3.0835629173506641e+02,
       2.9997716205101688e+02, 2.9061453552805142e+02,
       2.3093439351813771e+02, 2.3864568280860584e+02,
       2.4877226763187284e+02, 2.6097964906262627e+02,
       2.7247755760250516e+02, 2.8225589701503640e+02,
       2.8938554209726652e+02, 2.8354253833928652e+02,
       2.7424728292185029e+02, 2.6151098767376999e+02,
       2.4831904959521410e+02, 2.3809057581421092e+02,
       2.4800210970763868e+02, 2.6105476863032402e+02,
       2.7316737653399650e+02, 2.7360228442537243e+02,
       2.6127474621926291e+02, 2.4807071386182949e+02,
       1.2900794854937715e+02, 1.5166577136565454e+02,
       1.7411610768215181e+02, 1.9600079507717967e+02,
       2.1645388776759199e+02, 2.3459651851398718e+02,
       2.5007034849254407e+02, 2.6236303262933234e+02,
       2.6629711247465946e+02, 2.6126339269811660e+02,
       2.4751147366830526e+02, 2.3063757555911099e+02,
       2.1144335331515430e+02, 1.9032521061332778e+02,
       1.6805492048410582e+02, 1.4537689945073788e+02,
       1.2258060103379259e+02, 9.0856395422447619e+01,
       8.1758208864075641e+01, 7.7414023543580711e+01,
       7.7531590239716621e+01, 8.0813448015679938e+01,
       7.9641402655865150e+01, 7.5362718086889529e+01,
       7.4152238772111588e+01, 7.7115745544443214e+01,
       8.4917095122807254e+01, 1.0759948780725546e+02,
       1.2172468277905820e+02, 1.3576734410473961e+02,
       1.4974570468706401e+02, 1.6563594770016857e+02,
       1.6770350230277168e+02, 1.6832249602681253e+02,
       1.6722429386726972e+02, 1.6468360526653967e+02,
       1.1314307327283564e+02, 1.0797988925022750e+02,
       1.0741252213995452e+02, 1.1154737778993788e+02,
       1.1460417150808597e+02, 1.1540570004851818e+02,
       1.0988703770663446e+02, 1.0516637315099229e+02,
       1.0483433419320940e+02, 1.0934627194304429e+02,
       1.1236274174540820e+02, 1.1221228260716435e+02,
       2.0513117545780668e+02, 1.9667602710661794e+02,
       1.8980528933856451e+02, 1.9013662847299409e+02,
       1.8907648281125481e+02, 1.9530933394590716e+02,
       2.0336571006730836e+02, 2.1436207621453198e+02,
       2.2276298285518180e+02, 2.2584646269756973e+02,
       2.2345031408612203e+02, 2.1566450284004847e+02,
       1.9927862117904505e+02, 1.9795638227188874e+02,
       1.9857861487313681e+02, 2.0953840533269948e+02,
       2.1322178976156985e+02, 2.1030390749810638e+02 ]
