%YAML:1.0
shape: !!opencv-matrix
   rows: 132
   cols: 1
   dt: d
   data: [ 1.6419423757008568e+02, 1.6683425398994427e+02,
       1.7088081325684607e+02, 1.7708842766118210e+02,
       1.8704985816932538e+02, 2.0125522943641039e+02,
       2.1855917409742625e+02, 2.3814046705255012e+02,
       2.6055961159226410e+02, 2.8247262373889714e+02,
       3.0052225427337396e+02, 3.1569509607249870e+02,
       3.2752246068523402e+02, 3.3520202878639202e+02,
       3.3938303404224445e+02, 3.4147868313600941e+02,
       3.4186000031192594e+02, 1.8450684403902108e+02,
       1.9491645802946914e+02, 2.0819392648120126e+02,
       2.2220385308061242e+02, 2.3581695042587023e+02,
       2.7378472860173724e+02, 2.8643341419549523e+02,
       2.9974225648375750e+02, 3.1267366260677824e+02,
       3.2319965580132458e+02, 2.5640265424510892e+02,
       2.5735432770341811e+02, 2.5830380604774626e+02,
       2.5921154428293562e+02, 2.4186050133339342e+02,
       2.5040281829617192e+02, 2.5937343065269835e+02,
       2.6780358590138553e+02, 2.7566272273020775e+02,
       2.0296414222297801e+02, 2.1139751180377010e+02,
       2.2145573597562725e+02, 2.3010067222017449e+02,
       2.2117436847086728e+02, 2.1185838051878903e+02,
       2.8027075371915430e+02, 2.8850578221254676e+02,
       2.9843970128162618e+02, 3.0712952986329782e+02,
       2.9858030523915278e+02, 2.8930466343293693e+02,
       2.2197014690759269e+02, 2.3256444576187471e+02,
       2.4543671839195935e+02, 2.5963810047012834e+02,
       2.7320405783917806e+02, 2.8578348798848549e+02,
       2.9599650599016752e+02, 2.8816971924020970e+02,
       2.7611644003254781e+02, 2.6056317398081046e+02,
       2.4450058516271781e+02, 2.3136446618158763e+02,
       2.4206218670737718e+02, 2.5981580004857102e+02,
       2.7672089319054771e+02, 2.7791110795813785e+02,
       2.6028780308138374e+02, 2.4175825279981649e+02,
       1.2830101734942070e+02, 1.5096571013036814e+02,
       1.7348078349450140e+02, 1.9543376101534824e+02,
       2.1575512239100334e+02, 2.3315984337078299e+02,
       2.4751183054957494e+02, 2.5869778392329579e+02,
       2.6195621671822806e+02, 2.5708169630680209e+02,
       2.4396918995304310e+02, 2.2773627887310010e+02,
       2.0886731335360307e+02, 1.8769217932537572e+02,
       1.6533241883736181e+02, 1.4260251503055213e+02,
       1.1981655463863632e+02, 8.8166151170120898e+01,
       7.9384593739081211e+01, 7.5167562570069094e+01,
       7.5073629161356820e+01, 7.8096231486418120e+01,
       7.6655342579241420e+01, 7.2618679551894402e+01,
       7.1596170678324285e+01, 7.4516171283468481e+01,
       8.2098643456981890e+01, 1.0436932898944460e+02,
       1.1829534198889769e+02, 1.3212023084186995e+02,
       1.4587494470831666e+02, 1.6047390605918926e+02,
       1.6294048090345461e+02, 1.6370383247450917e+02,
       1.6229419956796943e+02, 1.5919600951430871e+02,
       1.1064539071283346e+02, 1.0574001218337416e+02,
       1.0522682658368424e+02, 1.0914949402157717e+02,
       1.1158021124713028e+02, 1.1233766354669183e+02,
       1.0726407618098580e+02, 1.0269524077247007e+02,
       1.0224427992137596e+02, 1.0644517018388618e+02,
       1.0893014621910720e+02, 1.0888999997206433e+02,
       1.9557878380768432e+02, 1.8792087723025989e+02,
       1.8265518965379570e+02, 1.8283153927968630e+02,
       1.8162154152682592e+02, 1.8590152933101362e+02,
       1.9283662406401396e+02, 2.0585547158366791e+02,
       2.1540025511312302e+02, 2.1870606910895455e+02,
       2.1649685656029749e+02, 2.0791381868849572e+02,
       1.9117082942706904e+02, 1.9015677608903462e+02,
       1.8993726480242077e+02, 2.0314717998420230e+02,
       2.0735835622353551e+02, 2.0450177864929066e+02 ]
