%YAML:1.0
shape: !!opencv-matrix
   rows: 132
   cols: 1
   dt: d
   data: [ 1.6423771100094217e+02, 1.6681286775686618e+02,
       1.7077184779009167e+02, 1.7684316486107605e+02,
       1.8671433365955096e+02, 2.0097936449310339e+02,
       2.1833497338929047e+02, 2.3803546210651376e+02,
       2.6054477336077122e+02, 2.8240295643019437e+02,
       3.0042710384113718e+02, 3.1562597270901233e+02,
       3.2764871610244313e+02, 3.3548459011605235e+02,
       3.3975190718255305e+02, 3.4195986400178015e+02,
       3.4248464029203365e+02, 1.8457085844594002e+02,
       1.9500997181393146e+02, 2.0827870363322108e+02,
       2.2227201009209193e+02, 2.3588222568886911e+02,
       2.7441522035256560e+02, 2.8709004886634233e+02,
       3.0041406749241833e+02, 3.1336820451334358e+02,
       3.2394532364678770e+02, 2.5669602934862314e+02,
       2.5758522528716941e+02, 2.5847700969170592e+02,
       2.5933548692503143e+02, 2.4184276015579576e+02,
       2.5044773938525117e+02, 2.5949502071406044e+02,
       2.6803074924786591e+02, 2.7599166237990511e+02,
       2.0331639725974787e+02, 2.1181362394317898e+02,
       2.2186768742554273e+02, 2.3058813720692473e+02,
       2.2160055799934247e+02, 2.1228464336881390e+02,
       2.8065654894711400e+02, 2.8898407909524161e+02,
       2.9890259453108155e+02, 3.0763294997406302e+02,
       2.9899689760666661e+02, 2.8971946838380705e+02,
       2.2102352618997580e+02, 2.3224893940361648e+02,
       2.4557096962599525e+02, 2.5990445583053634e+02,
       2.7358524268777461e+02, 2.8655993442682148e+02,
       2.9736484312941292e+02, 2.8927701442232501e+02,
       2.7675493862222879e+02, 2.6081209658192171e+02,
       2.4434687245778468e+02, 2.3071323899020064e+02,
       2.4194665797976481e+02, 2.6011860997518977e+02,
       2.7741926462525674e+02, 2.7867431191820532e+02,
       2.6051089126735519e+02, 2.4145914747863989e+02,
       1.2772374910577214e+02, 1.5047454768919681e+02,
       1.7308853239380088e+02, 1.9517148716612459e+02,
       2.1561247380694789e+02, 2.3308502908688999e+02,
       2.4754755088517231e+02, 2.5873291248249438e+02,
       2.6200574130953845e+02, 2.5716483322571992e+02,
       2.4407988144767910e+02, 2.2791028987198160e+02,
       2.0922655790218897e+02, 1.8817915993868417e+02,
       1.6589718297688989e+02, 1.4323765265513578e+02,
       1.2051204389915597e+02, 8.8356013898211231e+01,
       7.9613715392913761e+01, 7.5415417949875177e+01,
       7.5293886436697193e+01, 7.8283079851457970e+01,
       7.6994621519690398e+01, 7.2982759174260892e+01,
       7.1989824901054476e+01, 7.4879257522140435e+01,
       8.2432479739494482e+01, 1.0439952264341568e+02,
       1.1854205835746018e+02, 1.3258289969194743e+02,
       1.4655624752849369e+02, 1.6056113248790942e+02,
       1.6310630563396657e+02, 1.6391612105364132e+02,
       1.6248747799382994e+02, 1.5932903042201340e+02,
       1.1059659838846072e+02, 1.0577265951832243e+02,
       1.0525600451874334e+02, 1.0912103062671787e+02,
       1.1137322009018405e+02, 1.1209732771267376e+02,
       1.0730512206708300e+02, 1.0283039739327168e+02,
       1.0242840399453320e+02, 1.0656868723704510e+02,
       1.0884559400173875e+02, 1.0879976179845087e+02,
       1.9380697423347496e+02, 1.8660597729666921e+02,
       1.8197117956322290e+02, 1.8230005812931796e+02,
       1.8095130906813583e+02, 1.8457182089364744e+02,
       1.9101046916895046e+02, 2.0452220334053038e+02,
       2.1429465234944337e+02, 2.1759830043732933e+02,
       2.1540888529495101e+02, 2.0664417143008984e+02,
       1.9054249119759055e+02, 1.8988170546824449e+02,
       1.8929954711981748e+02, 2.0166108424763945e+02,
       2.0574661102561970e+02, 2.0303461809744687e+02 ]
