%YAML:1.0
shape: !!opencv-matrix
   rows: 132
   cols: 1
   dt: d
   data: [ 1.6518419601254328e+02, 1.6786995052811670e+02,
       1.7208493315354258e+02, 1.7822301231557961e+02,
       1.8768327482027581e+02, 2.0129418542928062e+02,
       2.1822599129909020e+02, 2.3767049159306794e+02,
       2.5994638299527691e+02, 2.8175286778077077e+02,
       2.9969411644542811e+02, 3.1468371318362654e+02,
       3.2629947361639358e+02, 3.3397915609076136e+02,
       3.3850427386698595e+02, 3.4109606671873985e+02,
       3.4188327395486976e+02, 1.8418397953701736e+02,
       1.9451980718844280e+02, 2.0787863437701765e+02,
       2.2201903480401975e+02, 2.3576377372024200e+02,
       2.7415347846963186e+02, 2.8701683970127789e+02,
       3.0051176991769222e+02, 3.1354417840165502e+02,
       3.2392549916198141e+02, 2.5624791868461807e+02,
       2.5700563359630746e+02, 2.5776573455540017e+02,
       2.5849747720015614e+02, 2.4282266394326425e+02,
       2.5060674728275626e+02, 2.5878755639496796e+02,
       2.6653708483864648e+02, 2.7374694547602377e+02,
       2.0324050345037060e+02, 2.1152967676540112e+02,
       2.2162719430738412e+02, 2.3017828217912427e+02,
       2.2135583600896334e+02, 2.1201831569290971e+02,
       2.8025005739631604e+02, 2.8839768974804576e+02,
       2.9839110646697191e+02, 3.0691915935576571e+02,
       2.9846339668660937e+02, 2.8917774593316091e+02,
       2.2679484044976206e+02, 2.3590240890143227e+02,
       2.4684234626810127e+02, 2.5924875394475595e+02,
       2.7115636070527319e+02, 2.8193228226318729e+02,
       2.9073213830384822e+02, 2.8344363526965526e+02,
       2.7300620008241862e+02, 2.5999210124138068e+02,
       2.4660217812534069e+02, 2.3531241864897004e+02,
       2.4565908528692478e+02, 2.5946413660490583e+02,
       2.7264131926560685e+02, 2.7313137930328270e+02,
       2.5970079677637676e+02, 2.4564165753911593e+02,
       1.2932220498493456e+02, 1.5197862570683671e+02,
       1.7443392184879227e+02, 1.9651505715537428e+02,
       2.1734635330316459e+02, 2.3552754392761580e+02,
       2.5055334171937503e+02, 2.6204946751543804e+02,
       2.6550934126514159e+02, 2.6041953569746516e+02,
       2.4704255439068260e+02, 2.3035713079537348e+02,
       2.1105660466879652e+02, 1.8974082597254505e+02,
       1.6756745372430413e+02, 1.4518011739752251e+02,
       1.2268407424776355e+02, 9.2394734845738753e+01,
       8.3484488308785558e+01, 7.9243462575054480e+01,
       7.9308956280167337e+01, 8.2536682659780269e+01,
       8.1258553870022169e+01, 7.7170818399444130e+01,
       7.6133756831112493e+01, 7.9238170037917371e+01,
       8.7125182727685328e+01, 1.0906752489388143e+02,
       1.2372691623140263e+02, 1.3830392748355376e+02,
       1.5280538912671960e+02, 1.6739682164064115e+02,
       1.6965687954213902e+02, 1.7038744107201043e+02,
       1.6913729827043343e+02, 1.6637254273976239e+02,
       1.1473606160006230e+02, 1.0954625051181601e+02,
       1.0903681171131191e+02, 1.1329704208757448e+02,
       1.1606547242471628e+02, 1.1682009902337275e+02,
       1.1163222286513520e+02, 1.0684701160446167e+02,
       1.0648552054698990e+02, 1.1107256957019467e+02,
       1.1384954382180527e+02, 1.1370949322201329e+02,
       2.0363424294808402e+02, 1.9637987124850582e+02,
       1.9075826796921481e+02, 1.9140564044813365e+02,
       1.8991131088566053e+02, 1.9472521372808626e+02,
       2.0142255317392073e+02, 2.1163543992339004e+02,
       2.1894292528736995e+02, 2.2163022466232457e+02,
       2.1979473125769920e+02, 2.1326739848788904e+02,
       1.9969188228047105e+02, 1.9907129158206331e+02,
       1.9881135968533704e+02, 2.0661720759747166e+02,
       2.0961444076676554e+02, 2.0757187425680610e+02 ]
