%YAML:1.0
shape: !!opencv-matrix
   rows: 132
   cols: 1
   dt: d
   data: [ 1.6460269410932412e+02, 1.6726923256278437e+02,
       1.7155593302570577e+02, 1.7807797570545125e+02,
       1.8804348402372068e+02, 2.0181509476645442e+02,
       2.1874462568484870e+02, 2.3814656838894138e+02,
       2.6055392632138216e+02, 2.8223971868947547e+02,
       2.9987209390582132e+02, 3.1449520389723409e+02,
       3.2573024713088671e+02, 3.3325303151974913e+02,
       3.3780671928561082e+02, 3.4030680066171504e+02,
       3.4087979044180145e+02, 1.8502241822901752e+02,
       1.9531435463269318e+02, 2.0865151090372314e+02,
       2.2275751511887879e+02, 2.3644224290185070e+02,
       2.7411691626701634e+02, 2.8673785575233927e+02,
       3.0004344359084445e+02, 3.1298031535247571e+02,
       3.2335811200351930e+02, 2.5681298515920793e+02,
       2.5781028117373938e+02, 2.5881516113808226e+02,
       2.5977643849487356e+02, 2.4442535403601605e+02,
       2.5189851698004333e+02, 2.5973403103035918e+02,
       2.6707648146386180e+02, 2.7390584423447700e+02,
       2.0379962153789344e+02, 2.1194324282828811e+02,
       2.2192816164381586e+02, 2.3033195727335527e+02,
       2.2169980699571465e+02, 2.1243938433377662e+02,
       2.8070959014244710e+02, 2.8870629618799217e+02,
       2.9862545168330604e+02, 3.0709111384715686e+02,
       2.9880038186781746e+02, 2.8956409186394518e+02,
       2.3056710908263952e+02, 2.3828338646680314e+02,
       2.4821886347822229e+02, 2.6015702191411685e+02,
       2.7141653801030913e+02, 2.8110507457756711e+02,
       2.8837220539503517e+02, 2.8220388073729242e+02,
       2.7295127558627365e+02, 2.6081400691093165e+02,
       2.4821214948297325e+02, 2.3802805730397361e+02,
       2.4792851230897398e+02, 2.6028757935276622e+02,
       2.7177367301061815e+02, 2.7204713708931996e+02,
       2.6049420484604258e+02, 2.4809843890661568e+02,
       1.2912982708737712e+02, 1.5164547142282180e+02,
       1.7396911527250057e+02, 1.9564991270031965e+02,
       2.1574724548500316e+02, 2.3332961386979451e+02,
       2.4803348822292494e+02, 2.5945446648373957e+02,
       2.6276184221116557e+02, 2.5800656295941292e+02,
       2.4489711167662341e+02, 2.2860010943800847e+02,
       2.0980043698972344e+02, 1.8894488134838272e+02,
       1.6683637910885560e+02, 1.4426122204125735e+02,
       1.2159791172005473e+02, 8.9496881514773932e+01,
       8.0364960831743602e+01, 7.6003339269073180e+01,
       7.6026663170755256e+01, 7.9198424608640863e+01,
       7.7785236786531826e+01, 7.3561452905888942e+01,
       7.2385006728671939e+01, 7.5371636969693938e+01,
       8.3236637698216725e+01, 1.0578341103639950e+02,
       1.1972743564559099e+02, 1.3358223563311623e+02,
       1.4737798571131927e+02, 1.6342286159711665e+02,
       1.6537028395519312e+02, 1.6590217419039999e+02,
       1.6483297721782534e+02, 1.6235690281253366e+02,
       1.1174531261185651e+02, 1.0658772325830253e+02,
       1.0596763770274612e+02, 1.1002988014768670e+02,
       1.1306715092151663e+02, 1.1390203275108323e+02,
       1.0814135741694406e+02, 1.0343411596887292e+02,
       1.0311024921079908e+02, 1.0758291351567951e+02,
       1.1052338610681758e+02, 1.1040486464846902e+02,
       2.0289716218728182e+02, 1.9444418102485034e+02,
       1.8755103921345130e+02, 1.8781736188027281e+02,
       1.8673290240368578e+02, 1.9291102969082255e+02,
       2.0089135808457357e+02, 2.1073195654749665e+02,
       2.1801813519425448e+02, 2.2067119993445911e+02,
       2.1879721978933421e+02, 2.1220957381645462e+02,
       1.9725492384005915e+02, 1.9590255070210790e+02,
       1.9648826477123112e+02, 2.0510203321653808e+02,
       2.0804359895839224e+02, 2.0592340871019471e+02 ]
