%YAML:1.0
shape: !!opencv-matrix
   rows: 132
   cols: 1
   dt: d
   data: [ 1.6452421821430596e+02, 1.6706811820869456e+02,
       1.7106733916915795e+02, 1.7714245918236148e+02,
       1.8683776824798980e+02, 2.0072617086675533e+02,
       2.1778662940438628e+02, 2.3728645070120371e+02,
       2.5971727458368201e+02, 2.8157230411244086e+02,
       2.9951369605295599e+02, 3.1462700806315888e+02,
       3.2660895694582746e+02, 3.3467791028648736e+02,
       3.3926809687348623e+02, 3.4176897632906309e+02,
       3.4254376376106450e+02, 1.8429966626976807e+02,
       1.9468362396430248e+02, 2.0800247760890383e+02,
       2.2208062942011219e+02, 2.3575363415265949e+02,
       2.7415708491404195e+02, 2.8696570954023053e+02,
       3.0042102274829944e+02, 3.1344336324132394e+02,
       3.2392786942181499e+02, 2.5629553881689554e+02,
       2.5702790797858000e+02, 2.5776409023538287e+02,
       2.5847837618719279e+02, 2.4144399748339163e+02,
       2.4984940373393925e+02, 2.5873045137665969e+02,
       2.6718601958405520e+02, 2.7502731504866750e+02,
       2.0310516754556210e+02, 2.1158870588973627e+02,
       2.2170686508649476e+02, 2.3037270050647311e+02,
       2.2138337359806621e+02, 2.1202105915893117e+02,
       2.8031134812453303e+02, 2.8860573633263596e+02,
       2.9859987428221910e+02, 3.0729686503868550e+02,
       2.9868784912416561e+02, 2.8936845575655127e+02,
       2.2281180346292140e+02, 2.3322606657322396e+02,
       2.4564810838683559e+02, 2.5922121986178149e+02,
       2.7225233337482939e+02, 2.8441852687038380e+02,
       2.9448659157117930e+02, 2.8679442249570008e+02,
       2.7509601451192924e+02, 2.6005833463180915e+02,
       2.4458258811913871e+02, 2.3190479350576982e+02,
       2.4278078292813183e+02, 2.5942728011273607e+02,
       2.7537919399596205e+02, 2.7644840721861010e+02,
       2.5978922660805694e+02, 2.4241434484769451e+02,
       1.2810307570612272e+02, 1.5093442145483317e+02,
       1.7359534707905618e+02, 1.9587395606787715e+02,
       2.1679327613645984e+02, 2.3498563434036882e+02,
       2.5012763156006275e+02, 2.6187891368774018e+02,
       2.6555034319873357e+02, 2.6038041691474461e+02,
       2.4685082396074674e+02, 2.3020125499246876e+02,
       2.1104378013080049e+02, 1.8975110664387665e+02,
       1.6746953010204325e+02, 1.4495172068206242e+02,
       1.2233687664228889e+02, 9.1493043501823479e+01,
       8.2747740760233469e+01, 7.8581205696547599e+01,
       7.8641019638745632e+01, 8.1852797257167452e+01,
       8.0742776903952986e+01, 7.6643740370757357e+01,
       7.5596041869210481e+01, 7.8581810264817705e+01,
       8.6264870174687218e+01, 1.0816041965922491e+02,
       1.2286641256461718e+02, 1.3748849471868678e+02,
       1.5203563210248410e+02, 1.6563833261420370e+02,
       1.6832698646140969e+02, 1.6924131581898348e+02,
       1.6778239690503423e+02, 1.6455995599380157e+02,
       1.1378285517310313e+02, 1.0887529077255213e+02,
       1.0843698573887906e+02, 1.1249203407259984e+02,
       1.1487576105537383e+02, 1.1557407212248299e+02,
       1.1089270711469979e+02, 1.0632502429579176e+02,
       1.0592670345278654e+02, 1.1022786917235884e+02,
       1.1271121474860530e+02, 1.1260712021256307e+02,
       1.9949997125852482e+02, 1.9264541366365160e+02,
       1.8793232051367423e+02, 1.8851210445237439e+02,
       1.8703529021162984e+02, 1.9085893002394812e+02,
       1.9707763149625725e+02, 2.0971270094506988e+02,
       2.1898062854669578e+02, 2.2227136534117332e+02,
       2.1994972013185532e+02, 2.1154625917753850e+02,
       1.9609733375836328e+02, 1.9558855620324312e+02,
       1.9504387180007808e+02, 2.0680791362281298e+02,
       2.1092218336466846e+02, 2.0796647458279256e+02 ]
