%YAML:1.0
shape: !!opencv-matrix
   rows: 132
   cols: 1
   dt: d
   data: [ 1.6485236484914867e+02, 1.6734048284132115e+02,
       1.7123704862636376e+02, 1.7716050276416885e+02,
       1.8676404111744515e+02, 2.0067921049778883e+02,
       2.1775115433134079e+02, 2.3727226023875750e+02,
       2.5974670798746729e+02, 2.8159518763541786e+02,
       2.9961840289718373e+02, 3.1484197882252431e+02,
       3.2690780621402502e+02, 3.3488558935717413e+02,
       3.3941409680994730e+02, 3.4197415263006525e+02,
       3.4285596085262523e+02, 1.8492723189946207e+02,
       1.9540551737478546e+02, 2.0872182809837122e+02,
       2.2276389912365977e+02, 2.3640121269954676e+02,
       2.7501982649495295e+02, 2.8781997331829621e+02,
       3.0125481853978641e+02, 3.1428058387112719e+02,
       3.2487554685351409e+02, 2.5700692637835238e+02,
       2.5777212294873021e+02, 2.5854611524519578e+02,
       2.5929284569694551e+02, 2.4213357234179864e+02,
       2.5050308193897800e+02, 2.5932751222647494e+02,
       2.6772131802153291e+02, 2.7555411550408104e+02,
       2.0383356517806160e+02, 2.1236296146326873e+02,
       2.2243008147184628e+02, 2.3111027434687941e+02,
       2.2210348841010574e+02, 2.1277895795495198e+02,
       2.8104009053877110e+02, 2.8939205085765218e+02,
       2.9934382323296239e+02, 3.0807936926517590e+02,
       2.9942610914566990e+02, 2.9012504840929455e+02,
       2.2158073866485387e+02, 2.3274849137870521e+02,
       2.4577447625391758e+02, 2.5973310213541407e+02,
       2.7308452911068383e+02, 2.8574557988839086e+02,
       2.9644735147629092e+02, 2.8832104047767245e+02,
       2.7598577636535782e+02, 2.6035093563181982e+02,
       2.4428048814261950e+02, 2.3102474901476421e+02,
       2.4226033412685155e+02, 2.5988638238375938e+02,
       2.7669706718020024e+02, 2.7779794931241418e+02,
       2.6012789921879931e+02, 2.4168710692984445e+02,
       1.2877282378401344e+02, 1.5151318085867223e+02,
       1.7411577789673336e+02, 1.9621833045221081e+02,
       2.1676546437127749e+02, 2.3452852830893494e+02,
       2.4935593422297393e+02, 2.6087947407068839e+02,
       2.6436641812860626e+02, 2.5968917264457690e+02,
       2.4666491287985372e+02, 2.3055369827142181e+02,
       2.1193550892196276e+02, 1.9097534281632650e+02,
       1.6873724654048402e+02, 1.4610296964483689e+02,
       1.2337788570113689e+02, 9.0529615844191682e+01,
       8.1764835393346317e+01, 7.7557094299708027e+01,
       7.7484932984560231e+01, 8.0549719609314778e+01,
       7.9499564024319852e+01, 7.5534287680345145e+01,
       7.4632509989802131e+01, 7.7666292574433768e+01,
       8.5361957594961652e+01, 1.0677819027580502e+02,
       1.2135752785213137e+02, 1.3583633721456940e+02,
       1.5025118596683390e+02, 1.6410790568865878e+02,
       1.6667847637678790e+02, 1.6753182074755424e+02,
       1.6619338925470518e+02, 1.6313599874334065e+02,
       1.1276431429462448e+02, 1.0797925311766664e+02,
       1.0755567843053765e+02, 1.1151806802158664e+02,
       1.1368596237012810e+02, 1.1435790311630913e+02,
       1.1000196319216447e+02, 1.0552124385934390e+02,
       1.0517032187626288e+02, 1.0937592823709703e+02,
       1.1164032681830025e+02, 1.1153569390377538e+02,
       1.9716944622726948e+02, 1.9041714623309264e+02,
       1.8598456722643277e+02, 1.8649416691265088e+02,
       1.8517416924155941e+02, 1.8879224744180334e+02,
       1.9492260066490368e+02, 2.0799661083592048e+02,
       2.1745084392498376e+02, 2.2061278997595684e+02,
       2.1832875909170741e+02, 2.0969343353157191e+02,
       1.9430722262266596e+02, 1.9381608777804988e+02,
       1.9332773592268674e+02, 2.0507937488427876e+02,
       2.0895442472577378e+02, 2.0616748384914456e+02 ]
