%YAML:1.0
shape: !!opencv-matrix
   rows: 132
   cols: 1
   dt: d
   data: [ 2.0319368919932541e+02, 2.0583551772630918e+02,
       2.1024236406503718e+02, 2.1632221059054095e+02,
       2.2553711104412875e+02, 2.3942955063238105e+02,
       2.5744263535687168e+02, 2.7853696076676113e+02,
       3.0273228218627679e+02, 3.2723887298112351e+02,
       3.4771614115691625e+02, 3.6467383316120856e+02,
       3.7740312560439003e+02, 3.8564796288201177e+02,
       3.9082771913691892e+02, 3.9413121115808440e+02,
       3.9526613726479422e+02, 2.2303166098815018e+02,
       2.3426556689833978e+02, 2.4883525815901851e+02,
       2.6423330692352079e+02, 2.7919749335803203e+02,
       3.2278402661130463e+02, 3.3681754136811094e+02,
       3.5146396617906316e+02, 3.6552731271767783e+02,
       3.7662768988482935e+02, 3.0205496369888283e+02,
       3.0255593426576871e+02, 3.0305097161260562e+02,
       3.0349489509906340e+02, 2.8701901256856354e+02,
       2.9514510356707825e+02, 3.0366934392878704e+02,
       3.1174097153156754e+02, 3.1931707295007192e+02,
       2.4286494125581859e+02, 2.5226371836519135e+02,
       2.6397434342994723e+02, 2.7348422770245929e+02,
       2.6344629320443750e+02, 2.5266062302191412e+02,
       3.2827125857280373e+02, 3.3740932877113420e+02,
       3.4900841465343336e+02, 3.5850161391015672e+02,
       3.4902171650258271e+02, 3.3834454267929050e+02,
       2.7263528121407046e+02, 2.8130657403517898e+02,
       2.9151345304688590e+02, 3.0339071734939586e+02,
       3.1488886156393585e+02, 3.2478303364951279e+02,
       3.3284686161536968e+02, 3.2495420908503542e+02,
       3.1491123863907114e+02, 3.0334997100982321e+02,
       2.9164739994944603e+02, 2.8116887738856565e+02,
       2.9179499972875033e+02, 3.0343924943875419e+02,
       3.1452673804131746e+02, 3.1413004767400088e+02,
       3.0334093482941114e+02, 2.9210854041799661e+02,
       1.3347536433302503e+02, 1.5831690989810107e+02,
       1.8285091701935369e+02, 2.0753761658476844e+02,
       2.3194538280698805e+02, 2.5384502500580453e+02,
       2.7188973214858112e+02, 2.8559398770343273e+02,
       2.9048756352452574e+02, 2.8435160155700822e+02,
       2.6894237770400844e+02, 2.4920722786051044e+02,
       2.2605625118462532e+02, 2.0108829530957900e+02,
       1.7621650651532067e+02, 1.5163603640554243e+02,
       1.2680727316633707e+02, 1.0010280099113032e+02,
       9.0977488350228029e+01, 8.6866873035095097e+01,
       8.7436621490065036e+01, 9.1345488583757970e+01,
       9.0458463464694759e+01, 8.6022387348472833e+01,
       8.4788882805779977e+01, 8.7925975874041185e+01,
       9.6053452357858362e+01, 1.2107549012083135e+02,
       1.3821943580169045e+02, 1.5532048640544238e+02,
       1.7229740599374350e+02, 1.8806215708555573e+02,
       1.9051948543416910e+02, 1.9150373429640428e+02,
       1.9024650348647029e+02, 1.8755252185719979e+02,
       1.2527717250907308e+02, 1.1896287371451564e+02,
       1.1871375056779178e+02, 1.2452193823415351e+02,
       1.2806662940342972e+02, 1.2870981151526681e+02,
       1.2345757508303765e+02, 1.1734917510375386e+02,
       1.1693744493003504e+02, 1.2291272772663203e+02,
       1.2680112198659560e+02, 1.2653579391515822e+02,
       2.2857520277958170e+02, 2.2132355210001890e+02,
       2.1500429348777882e+02, 2.1672551691615075e+02,
       2.1462305334781180e+02, 2.2061677452296291e+02,
       2.2770847442826320e+02, 2.3559076567615585e+02,
       2.4080344290653164e+02, 2.4292407952990879e+02,
       2.4107199427792182e+02, 2.3615509312417950e+02,
       2.2524751522864582e+02, 2.2556933562126559e+02,
       2.2496909530592762e+02, 2.2695488438574336e+02,
       2.2885450474975022e+02, 2.2729424375625069e+02 ]
visi: !!opencv-matrix
   rows: 66
   cols: 1
   dt: i
   data: [ 1, 1, 1, 1, 1, 1, 1, 1, 1, 1, 1, 1, 1, 1, 1, 1, 1, 1, 1, 1, 1,
       1, 1, 1, 1, 1, 1, 1, 1, 1, 1, 1, 1, 1, 1, 1, 1, 1, 1, 1, 1, 1, 1,
       1, 1, 1, 1, 1, 1, 1, 1, 1, 1, 1, 1, 1, 1, 1, 1, 1, 1, 1, 1, 1, 1,
       1 ]
