%YAML:1.0
description: emotion
samples:
   - !!opencv-matrix
      rows: 198
      cols: 1
      dt: d
      data: [ -2.0654699999999998e+01, -2.0051900000000000e+01,
          -1.9114599999999999e+01, -1.7756799999999998e+01,
          -1.5646900000000000e+01, -1.2400600000000001e+01,
          -8.2701700000000002e+00, -3.5505599999999999e+00,
          1.6587499999999999e+00, 6.7533799999999999e+00,
          1.1095800000000001e+01, 1.4716500000000000e+01,
          1.7332200000000000e+01, 1.8722100000000001e+01,
          1.9331600000000002e+01, 1.9515699999999999e+01,
          1.9362300000000001e+01, -1.6943400000000000e+01,
          -1.4692299999999999e+01, -1.1747299999999999e+01,
          -8.6400799999999993e+00, -5.6111800000000001e+00,
          3.2434200000000000e+00, 6.1440599999999996e+00,
          9.2143200000000007e+00, 1.2255699999999999e+01,
          1.4767500000000000e+01, -8.0000800000000005e-01,
          -5.7138199999999995e-01, -3.4152600000000000e-01,
          -1.1105600000000000e-01, -3.3469099999999998e+00,
          -1.6415000000000000e+00, 1.4225399999999999e-01,
          1.8949300000000000e+00, 3.5165000000000002e+00,
          -1.2531599999999999e+01, -1.0669800000000000e+01,
          -8.3451000000000004e+00, -6.3505799999999999e+00,
          -8.3556000000000008e+00, -1.0504799999999999e+01,
          4.8367800000000001e+00, 6.6671600000000000e+00,
          8.9924599999999995e+00, 1.1020899999999999e+01,
          9.0837699999999995e+00, 6.9244399999999997e+00,
          -6.6385500000000004e+00, -4.7390200000000000e+00,
          -2.3288799999999998e+00, 4.2725900000000000e-01,
          3.1540800000000000e+00, 5.7215800000000003e+00,
          7.8603399999999999e+00, 6.1490499999999999e+00,
          3.7593299999999998e+00, 8.8317900000000005e-01,
          -2.0421999999999998e+00, -4.6282500000000004e+00,
          -2.3886400000000001e+00, 5.5886999999999998e-01,
          3.5036399999999999e+00, 3.6572200000000001e+00,
          6.8923699999999999e-01, -2.3355700000000001e+00,
          -5.6482200000000002e+00, -4.2364900000000000e-01,
          4.7667000000000002e+00, 9.7335600000000007e+00,
          1.4197400000000000e+01, 1.7900900000000000e+01,
          2.0752600000000001e+01, 2.2677900000000001e+01,
          2.2900800000000000e+01, 2.1941199999999998e+01,
          1.9366499999999998e+01, 1.5959300000000001e+01,
          1.1835400000000000e+01, 7.1206899999999997e+00,
          2.0132500000000002e+00, -3.2566000000000002e+00,
          -8.5134100000000004e+00, -1.4002400000000000e+01,
          -1.6153199999999998e+01, -1.7168399999999998e+01,
          -1.7256699999999999e+01, -1.6686299999999999e+01,
          -1.7316099999999999e+01, -1.8311299999999999e+01,
          -1.8665600000000001e+01, -1.8079300000000000e+01,
          -1.6269900000000000e+01, -1.1606700000000000e+01,
          -8.5944500000000001e+00, -5.6055900000000003e+00,
          -2.6206900000000002e+00, 9.0088999999999997e-01,
          1.2941000000000000e+00, 1.3525799999999999e+00,
          1.0446299999999999e+00, 4.1299700000000000e-01,
          -9.7449499999999993e+00, -1.1069100000000001e+01,
          -1.1253399999999999e+01, -1.0224700000000000e+01,
          -9.5068300000000008e+00, -9.2761499999999995e+00,
          -1.1022700000000000e+01, -1.2325400000000000e+01,
          -1.2473800000000001e+01, -1.1427899999999999e+01,
          -1.0675300000000000e+01, -1.0597700000000000e+01,
          8.8401300000000003e+00, 6.8456999999999999e+00,
          5.4218999999999999e+00, 5.3554700000000004e+00,
          5.0324799999999996e+00, 6.0994599999999997e+00,
          7.8044599999999997e+00, 9.9052900000000008e+00,
          1.1325400000000000e+01, 1.1824299999999999e+01,
          1.1738000000000000e+01, 1.0674400000000000e+01,
          7.5758400000000004e+00, 7.2147199999999998e+00,
          7.1567100000000003e+00, 8.6282200000000007e+00,
          9.1076400000000000e+00, 9.0550499999999996e+00,
          2.1307900000000000e+01, 2.0842500000000001e+01,
          2.0484600000000000e+01, 1.8386900000000001e+01,
          1.3463300000000000e+01, 7.9940400000000000e+00,
          3.2943300000000000e+00, -8.8015299999999996e-01,
          -4.5357200000000004e+00, -8.0789400000000000e-01,
          3.4176899999999999e+00, 8.1570400000000003e+00,
          1.3654400000000001e+01, 1.8593699999999998e+01,
          2.0706299999999999e+01, 2.1074800000000000e+01,
          2.1538499999999999e+01, 1.6652300000000000e-01,
          -1.5692100000000000e+00, -2.9597899999999999e+00,
          -4.2963300000000002e+00, -5.5222600000000002e+00,
          -5.4354199999999997e+00, -4.1785899999999998e+00,
          -2.8093499999999998e+00, -1.3876400000000000e+00,
          3.7149100000000002e-01, -4.9545000000000003e+00,
          -7.7603499999999999e+00, -1.0663300000000000e+01,
          -1.3407500000000001e+01, -6.4707699999999999e+00,
          -7.2695699999999999e+00, -8.0183900000000001e+00,
          -7.2184799999999996e+00, -6.4017499999999998e+00,
          -9.0532400000000002e-01, -1.1064900000000000e+00,
          -1.2279000000000000e+00, -9.7739100000000001e-01,
          -1.1015600000000001e+00, -1.0901099999999999e+00,
          -8.8773299999999999e-01, -1.1177900000000001e+00,
          -9.6807399999999999e-01, -7.4236199999999997e-01,
          -9.4898899999999997e-01, -9.8721400000000004e-01,
          -2.7468499999999998e+00, -4.8930499999999997e+00,
          -6.5470800000000002e+00, -8.2277100000000001e+00,
          -6.4868100000000002e+00, -4.8054699999999997e+00,
          -2.6388400000000001e+00, -3.9328599999999998e+00,
          -5.2829300000000003e+00, -6.6798200000000003e+00,
          -5.3433599999999997e+00, -4.0216099999999999e+00,
          -5.2039499999999999e+00, -7.4182399999999999e+00,
          -5.1445699999999999e+00, -4.4955200000000000e+00,
          -6.4252300000000000e+00, -4.5521000000000003e+00 ]
