%YAML:1.0
shape: !!opencv-matrix
   rows: 132
   cols: 1
   dt: d
   data: [ 2.0092682480542308e+02, 2.0379250081104877e+02,
       2.0813912415969202e+02, 2.1434552644453652e+02,
       2.2406992516310476e+02, 2.3835028032927059e+02,
       2.5620904240107217e+02, 2.7712263684800553e+02,
       3.0147193820525024e+02, 3.2622638236672748e+02,
       3.4637467310677982e+02, 3.6298666559057119e+02,
       3.7599946940333166e+02, 3.8455372707874255e+02,
       3.8914980236543397e+02, 3.9138082098328766e+02,
       3.9179104133763190e+02, 2.1880944563040299e+02,
       2.2985519142097132e+02, 2.4412840133749339e+02,
       2.5919830374508456e+02, 2.7383800135626495e+02,
       3.1635578695608984e+02, 3.3008272811790840e+02,
       3.4455152791124709e+02, 3.5861280419405608e+02,
       3.7001828015293756e+02, 2.9656355004861189e+02,
       2.9708472586838639e+02, 2.9757455492819616e+02,
       2.9802137312475088e+02, 2.7934130499205742e+02,
       2.8889236414491415e+02, 2.9901290392875393e+02,
       3.0866197450053295e+02, 3.1760939670091051e+02,
       2.3841544712525106e+02, 2.4762136240555799e+02,
       2.5852944872105292e+02, 2.6802503949919782e+02,
       2.5826410850836760e+02, 2.4810420515218709e+02,
       3.2362047951294738e+02, 3.3262599667731649e+02,
       3.4344105921614005e+02, 3.5286378354197177e+02,
       3.4345917544142969e+02, 3.3339278237570448e+02,
       2.5800807211316231e+02, 2.6927132842433315e+02,
       2.8348921367017203e+02, 2.9900510136812034e+02,
       3.1434167020001269e+02, 3.2865467197829781e+02,
       3.4004888239466521e+02, 3.3181544794254518e+02,
       3.1833882253221753e+02, 3.0045143552465316e+02,
       2.8226601579567091e+02, 2.6774447628944358e+02,
       2.8012984735078641e+02, 2.9932574081851624e+02,
       3.1832123880069389e+02, 3.2001591992797557e+02,
       3.0012222777905657e+02, 2.7972493343810385e+02,
       1.3241470565005429e+02, 1.5783248191810790e+02,
       1.8309243970810019e+02, 2.0790585208292600e+02,
       2.3118809950963362e+02, 2.5148579492684814e+02,
       2.6861180593089512e+02, 2.8178618418090525e+02,
       2.8571936965309811e+02, 2.7945630224227887e+02,
       2.6363631735914942e+02, 2.4410425459833451e+02,
       2.2204509937013447e+02, 1.9799239610714699e+02,
       1.7305708721640306e+02, 1.4789668647950609e+02,
       1.2267093653422847e+02, 9.0115990257666795e+01,
       8.0562951480547596e+01, 7.6095024113767977e+01,
       7.6173945645049756e+01, 7.9709194575721540e+01,
       7.8081760987670577e+01, 7.3659580212074090e+01,
       7.2509780754804822e+01, 7.5631998754839572e+01,
       8.3867831163732717e+01, 1.0803213597730307e+02,
       1.2366596511126707e+02, 1.3920735168325896e+02,
       1.5466927265827223e+02, 1.6894878405410336e+02,
       1.7207699496460859e+02, 1.7316493020118725e+02,
       1.7141826105209904e+02, 1.6766813078179828e+02,
       1.1439823259021952e+02, 1.0917587753346453e+02,
       1.0857135528710080e+02, 1.1271480073802257e+02,
       1.1531253484249720e+02, 1.1609533848596953e+02,
       1.1072270435381185e+02, 1.0601182483778928e+02,
       1.0562567190680815e+02, 1.1022270756755651e+02,
       1.1267548899325948e+02, 1.1256868314394737e+02,
       2.0581587217072860e+02, 1.9724552878956999e+02,
       1.9191526155834123e+02, 1.9225057180343651e+02,
       1.9081958746600648e+02, 1.9509952948429850e+02,
       2.0299903522648316e+02, 2.1911365598592366e+02,
       2.3102373944745980e+02, 2.3514917057551375e+02,
       2.3223852653133414e+02, 2.2132050320524425e+02,
       2.0170017905941296e+02, 2.0098697905842567e+02,
       2.0042647211009248e+02, 2.1616463571634000e+02,
       2.2137243612327859e+02, 2.1761267184106771e+02 ]
visi: !!opencv-matrix
   rows: 66
   cols: 1
   dt: i
   data: [ 1, 1, 1, 1, 1, 1, 1, 1, 1, 1, 1, 1, 1, 1, 1, 1, 1, 1, 1, 1, 1,
       1, 1, 1, 1, 1, 1, 1, 1, 1, 1, 1, 1, 1, 1, 1, 1, 1, 1, 1, 1, 1, 1,
       1, 1, 1, 1, 1, 1, 1, 1, 1, 1, 1, 1, 1, 1, 1, 1, 1, 1, 1, 1, 1, 1,
       1 ]
